000000000100000000111101000001111001111111101101000010000100000000000000000000000000000000000000000001111100000011011110000000101111000000000000111101111100000001010011000000000000111100100100000000101111000001101000000000000001000110011110000100101100000101110001000001010101000010010011000000000000000001010100000000000000111001000010000000000000111111111000111111111000000000010000000000000000000000000110
000000000001000001011100000000001110111110111110000000101111111011100011000000000000111100100111000001100100000010000111000000010011111101000101000000000011000010010100111111000000111100110110000000001001000001010011000000011010000011100110000011001011000010111011000001000011000000101110111100000010000000110110111100100100111101100001111011001001000000000000000000000000111111000001111010010001000000000011
000001011110000010000010000010001000000010001111111111011101000000000000000000000000000000000000000001111011000011001000000000011010000000000000111111011001000011000100000000000000111100111010000000010001000001010101000001101001000101000010000101111100000101100011000001011011000001110110000000000000000000001111000000000000111011010110111111100000000000000000000000000000111111011101000000000000000000001001
000001101100000010111101000010000101111110101100000010100100000000000000111111000100000000000000000010000001000010111111000000100000000000000000000000000000000100001101111010000111111111110010000000001001000001000110000000110001000101010110000001000000000110000100000001110001000010100001000000000000000010011110000000000000111110101010000000000000111111100000000000000000111111000110111111101010000000001011
000010011001000010111111000111011101000001010000000011000000000000000000110100011011000000000000111110100100000011101001111110110011000000000000000000000000000100010101000000000000111010010101000001010101111110110100000011010111001001001111001010100011001001111100000011101110000110000111111111100000000100101110000000000000111001100110000000000000110111111001110101101000000001000101000000100000001110001001
111111110010000001000111111111011110111110101100111111001111111100010000000000000000111101010000000000000000000000000000000000000000111101010000000000001111000001100110111111000000111111000101111111110110111111011110111111010010000000000000000000001010000000000000000000000000111110100000111100110000111111000000111100110000000001010100111100010000000000010010000000010010111110110100111100000000000000000100
000000100110000001110111000000101110000011011111111010101010000000000000000000100000000000000000000000100000000000100000000000100000000000000000000010000100000011100011000000000000111111100111000000110101111111011110111111101001000000000000000000100000000000000000000001011101000000000000000000000000111100110000000000000000000000001011000000000000000000000000000000000000111110010111000001000000111111111111
000000111010000010010010000001010010000000101011000000000000000000000000111111100000000000000000000000000001000000000000000000000000000000000000000010001110000010000011111010110011000010100111111110001011111110011111111111100000111111100111111011111001111111100111000000011001000000000000000000000000000000000000000000000000000100001010000000000000111111100000000000000000111111010001111111100000000000000000
000001110001000000000110000001001111000011110001000000110101000000000000111000101111000000000000111010001111111110001111111110001111000000000000000001000110000100001011000000000000000010011100000000100000111111001111111111100110111111110000000000011011000000000000000010000000000000000000000000000000000000000000000000000000000010010001000000000000111011101111111001001111000000101001111111100000001010100111
111111111110111111000101000000101101000001111001111110111101000011111100000000000000000011001001000000000000000000100000000000000000000011000110000000000000111111100000000001000000000000101110000000000001111111100011000000001010000000000000000000000000000000000000000000000000000001000010000011101001000000001000000011100101111111110000000011111111000000000000000000000000000000110100000101100111111111111110
000000100110111111100101000001010000000000101111000001100000000100100000111111100000000010111100000000000000000000100000000000000000000011000100000000100000000000000000111101110100000011000011111111100101111111011110000000101100111111011000111100100111000000000000000000000000000001100000000011011100000001000000000100001000000001001110000100000100000000000000000000000000000000100110000101000000111111111001
000000100000111111001101000011111111000110000111000100010110000110010110111010011001000101001000111010111000111111000000111110101101000110101110000000000000111111100000000000001000000010000111000001101011111110010101000000111100000000000000000000000000000000000000000000000000000000001100000101101110000000001000000110011111111111000001000101110110111100101101111010111001000011100100000111010110010000101010
111111011011000000010110000001101001111110011011000010011010000000000000111111000000000000000000000000000000000000000000000000000000000000000000000000101011000000110101111011100110000001101000111111000111111111101111000000110100111111101110111011011111111111101011000000000000000000010101000000000000000001101101000000000000000011001100000000010101111111101011000000000000111111101111111111100000111111111100
111111001010111110001010000000011111000001001011000100110110000000000000111001101010000000000000111010001010111110100000111110010101000000000000000000000000000000000000000000000000000001110110111110110101111111101010111111100000000000000000000000000000000000000000000000000000000000000000000000000000000001100000000000000000000011000000000000000000111100010101111010001010000000100000111111100000001100001111
111101101011111110001100000000011111000101111101000000000000000000000000111001010111000000000000111001101011111110001100111110001100000000000000000000000000111111000000001000111101111101110111000011010101000000101001111110110101111111100000000111011101000000000000000000000000000000000000111111100000000000000000000000000000111100100000000000000000111011001011111001010111000001110100111111100000001011101101
