000000001100000001100001000010110010111111101111000010101101000000000000000000000000000000000000000010100101000010101100000000110010000000000000111110000100000000011010000000000000111100111110000000100010000001110000000000001111000110111100000101001000000110001100000001010101000010010101000000000000000001011110000000000000111001000110000000000000111111111101111111111101000000101100000000000000000000000110
000000011001000001110111000000001101111111001001000000011111111011011010000000000000111100101011000010011011000010000001000000000110111100111011000000000111000010010000111111000000111101010111000000000001000001000100000000110001000011011001000011000110000010101101000001010111000000100101111100000100000000011111111100010111111101100000111011001010000000000000000000000000111110111110111010001111000000000011
000010010011000010011100000010000101000010011111111110111011000000000000000000000000000000000000000010011101000010110111000000100011000000000000111111100000000010110011000000000000111101100001000000010111000000100111000001111100000100101110000101011101000101001010000001100000000010001000000000000000000000010001000000000000111011000011000000000000000000000000000000000000000000000111000000000000000000001001
000001000001000001111111000001011010111110111101000001111101000000000000111111100000000000000000000010100000000010101111000000011011000000000000000000000000000011110101111001101010111111100110111111001110000000010000000001110000000100111000000000011011000101111010000010001000000001111010000000000000000010001011000000000000111110111011000000000000111111100000000000000000111110101101111111101101000000001101
000001110001000011000000000111000010000010000000000011000000000000000000110010111100000000000000111111010010000101000010111110011000000000000000000000000000000101101100000000000000111001011110000000111010111110011110000100100100001010001100001011101101001010111101000100010011000110101010111111100000000100110011000000000000111000111100000000000000110101011101110011111100000001110001000001000000010000100100
111111110000000001001000111111001110111110101000111111001011111100001111000000000000111101010000000000000000000000000000000000000000111101010000000000010010000001101010111111000000111111000101111111111110111111100110111111010101000000000000000000001010000000000000000000000000111110100000111100110000111111000000111100101111000001001100111100010000000000010001000000010001111110110110111100000000000000000011
000000100100000001111000000000010101000011000000111010111000000000000000000000100000000000000000000001000000000000100000000000100000000000000000000010010111000011011000000000000000111111100100000001000000111111001101111111010011000000000000000000100000000000000000000001100000000000000000000000000000111100100111000000000000000001010101000000000000000000000000000000000000111110101001000001000000111111111111
000000001000000010000111000001001110000000001001000000000000000000000000111111001110000000000000000000001011000000000000000000000000000000000000000001110001000010010000111010010010000010110011111110000001111110101100111111111111111111100111111011110011111111100000000000010010000000000000000000000000000000000000000000000000000100000001000000000000111111100000000000000000111111010001111111100000111111111111
000001100000000000000111000001001101000011111111000000110001000000000000111000101110000000000000111010101110111111000110111110000110000000000000000001010100000100011000000000000000000010010110000000000000111111010011111111100010111111100110000000101111000000000000000010000000000000000000000000000000000000000000000000000000000001111111000000000000111010101110111000101110000001001011000000000000001010011001
111111100110111111010000000000000111000001010101111111011001000100000001000000000000000010111101000000000000000000100000000000000000000010110100000000000000000000000000000001000000000000010111000000011101111111101000000000000001000000000000000000000000000000000000000000000000000001100000000011011101000000010010000011100001111111000010000100000001000000000000000000000000000000101100000101010101000000000001
000000000100111111100000000001001111000000011111000001011100000100100000111111100000000010111100000000000000000000100000000000000000000010111001000000100000000000000000111101000110000010111001111111101110111111011111000001000101111111001111111101011001000000000000000000000000000001100000000011011001000001000000000011111001000001010010000011111001000000000000000000000000000001010010000100110101000000000010
000000100011111111010110000011000011000110011000000011110101000101111011111010000100000101010101111010100100000000000000111110110010000110000111000000000000000000000000000000010101000001011011000000111001111110100111000000011100000000000000000000000000000000000000000000000000000000011111000101000111000000010101000110001010111111011010000101011100111011010010111010000100000100001110000111011111001111100010
111111010100111111101011000001100111111110000110000011000001000000000000111110110010000000000000000000000000000000000000000000000000000000000000000000100101000000101011111011001010000001110100111110111010111111111000000001010100111111111110111011101000111111100101000000000000000000000000000000000000000001100000000000000000000011000111000000000000111111100101000000000000111111100100111111100000111111111110
111111100000111101100100000000111011000010000100000100000000000000000000111001111011000000000000111010111011111111100000111110000100000000000000000000000000000000100000000000000000000001111100111101111100111111100000111111011100000000000000000000000000000000000000000000000000000000000000000000000000000001100000000000000000000010001001000000000000111011110111111001111011111111101000000000000000001000110101
111101110100111110001011000000010010000110000011000000000000000000000000111001010010000000000000111010000110111111001011111110001011000000000000000000000000111111100000001000100100111101101001000010101100000000100001111110010101111111100000000111000100000000000000000000000000000000000000111111100000000000000000000000000000111100010111000000000000111010000110111000110010000010000010000000000000001010101100
