000000001000000001010001000010100110111111001111000010001111000000000000000000000000000000000000000010010010000010101011000000100101000000000000111110011101000000011111000000000000111100111010000000101110000001101101000000001101000110000100000100001000000101100110000001111011000010010000000000000000000001100011000000000000111000111101000000000000111111111110111111111110000000111110000000000000000000000100
000000011001000001111000000000001101111111001000000000100000111011011001000000000000111100101010000010011011000010000010000000000111111100111011000000001000000010010001111111000000111101010110000000000010000001000100000000110001000011011011000011001000000010101110000001010111000000100110111100000010000000100000111100010110111101100000111011001001000000000000000000000000111110111110111010001101000000000011
000010011100000010001011000001101010000010101010111110101111000000000000000000000000000000000000000010100111000011001001000000011110000000000000111111100000000010110100000000000000111101001011000000011101000000011101000001101110000100100110000101111101000101010101000001100101000010000000000000000000000000001001000000000000111011001101111111100000000000000000000000000000000000001010000000000000000000001001
000001101110000010111000000001110100111111000110000010010110000000000000111111100000000000000000000010011110000010110000000000100000000000000000000000000000000011111011111001100010111111110111111111111111000000101110000001001110000101000011000000111010000110001010000001111111000010100100000000000000000010001111000000000000111110110101000000000000111111100000000000000000111110101101111111101000000000001100
000001000001000011000000000101100001000001011111000010100000000000000000110100100001000000000000111110011111000010111111111111000000000000000000000000000000000101100000000000000000111001000000000000000001111111000000000011100000001001000000001010011111001001100000000100100000000101000000000000000000000101100000000000000000111010100001000000000000110111000001110101100000000010100000000000100000010000011101
111111111010000001001000111111010101111110110011111111010010111100010100000000000000111101010010000000000000000000000001000000000000111101010010000000000010000001100101111111000001111111001011111111101101111111100100111111001011000000000000000000001000000000000000000000000000111110100001111100110010111111000001111100110100000001011010111100010011000000010011000000010011111110110011111100000101000000000011
000000111011000001011001111111111101000011011110111011000011000000000000000000100000000000000000000001000000000000100000000000100000000000000000000001010111000011110110000000000000111111100011000000110100111111000001111111010100000000000000000000001011000000000100000001010010000000000000000000000000111100110111000000000000000000100110000000000000000000000000000000000000111110001101000001000000111111111111
000001001000000010001000000001000000000000011000000000000000000000000000111111100000000000000000000000010111000000000000000000000000000000000000000001011101000010101101111010100110000010110000111110001010111110001000111111011111111111101101111100010000111111100000000000000000000000000000000000000000000000000000000000000000000100101011000000000000111111100000000000000000111111000001111111100000000000000000
000001100001000000101011000000111111000011111111000000101001000000000000111000100010000000000000111010000010111110011110111110111110000000000000000000101100000011010110000000000000000001111011000000011111111110111110111111001100111111111100000000110100000000000000000001100000000000000000000000000000000000000000000000000000000100000001000000000000111011000000111001000010000001010101111111100000001011011001
111111111000111111010001000000011010000001111000111111000011000100000011000000000000000011001010000000000000000000100000000000000000000010110110000000000000111111101000000001000000000000110001000000011111111111101000000000000001000000000000000000000000000000000000000000000000000001001000000011101010000000010110000011100101111111100011000011111110000000000000000000000000000000111101000101101000000000000000
000000100100111111011001000001100110000000111100000001100000000100100000111111100000000011000000000000000000000000100000000000000000000011000000000000100000000000000000111101011010000010111100111111110011111111000101000000100110111111010111111101011010000000000000000000000000000001100000000011100000000001000000000100000000000001011000000100000000000000000000000000000000000000111101000101000000111111111111
000000100000111111100000000011110111000110110101000100110010000110110010111001101011000101000110111010011110111111000000111111000000000111001100000000000000111111100000000000000110000001111101000001011010111110001010000000100001000000000000000000000000000000000000000000000000000000001001000110001100000000000110000110110010111111100101000110010010111011101100111010001100000100011011000111110010010001000111
111111011110111111110100000001010111111110010001000010111001000000000000111111000100000000000000000000000000000000000000000000000000000000000000000000100000000000111000111011000111000001110101111111000110111111110011000000111000111111111110111011110001111111110010000000000000000000000000000000000000000001100010000000000000000011011110000000000000111111110010000000000000111111011111111111100000111111111101
111110110010111110101010000000101101000000100000000011101111000000000000111001101011000000000000111001110000111110111010111110111010000000000000000000000000000000000000000000000000000000110010111110110000111110100111111110111001000000000000000000000000000000000000000000000000000000000000000000000000000000100000000000000000000011010111000000000000111011110000111010001010000010000101111111100000001100000011
111101000000111110010011111111110010000110101101000000000000000000000000111001111001000000000000111000110010111110010011111110010011000000000000000000000000111111100000000111111010111100100000000010111010000001010011111111100111111111111010001000000111000000000000000000000000000000000000000000000000000000000000000000000000111110000111000000000000111010110011111001000110000011000111111111100000001110110010
