000000000001000000110100000010001111111111100010000010010100000000000000000000000000000000000000000010110000000010101010000000100100000000000000111101101100000000011111000000000000111100110100111111111110000001101111111111111101000110001110000100100010000101110110000001011101000010011001000000000000000001011001000000000000111001010111000000000000000000000000000000000000000000110100000000000000000000000101
000000011001000001110111000000001101111111001001000000011111111011011010000000000000111100101011000010011011000010000001000000000110111100111011000000001000000010010000111111000000111101010111000000000001000001000100000000110001000011011001000011000110000010101101000001010111000000100101111100000100000000011111111100010111111101100000111011001010000000000000000000000000111110111110111010001111000000000011
000010100001000010001011000010000010000010101100111110101011000000000000000000000000000000000000000010100011000011000001000000100101000000000000111111100000000010111001000000000000111101010101000000001111000000101000000001111010000100110110000101110011000101011001000001011111000001111101000000000000000000000010000000000000111011001100111111100000000000000000000000000000000000001110000000000000000000001001
000001010110000011000001000001110100111111001100000010001100000000000000111111100000000000000000000010100100000010100100000000011101000000000000000000000000000011110011111001011001000000010000000000001100000000111000000000111011000101000011000001010100000101110001000001110010000010011001000000000000000010001110000000000000111110111111000000000000111111100000000000000000111111010001111111100000000000001010
000010101000000010111100000110111001000001011011000011000000000000000000110011111001000000000000111110000000000100000011111111001001000000000000000000000000000100111100000000000000111001111011000001100011111110010001000011010000001010001011001010110000001001100100000100110000000101101000111111100100000101110000000000000000111010010001000000000000110111110001110101000011000010001000000000100000010000110100
111111101110000001001000111111011011111110111000111111001100111100011101000000000000111101010100000000000000000000000000000000000000111101010100000000000110000001100010111111000000111111001000000000001010111111011111111111000110000000000000000000001001000000000000000000001000111110100000111100110100111111000000111100111101000001010111111100010100000000001110000000001110111110110111111100001001000000000100
000000010000000001100010000000000110000011000111111010100010000000000000000000100000000000000000000000100000000000100000000000000000000000000000000010101001000011011001000000000000111111010110000001001000111110100111111111100101000000000000000000100000000000000000000001100000000000000000000000000000111100100110000000000000000001010100000000000000000000000101000000000101111110000011000001000000111111111111
000000011000000010000001000001000111000000001101000000000000000000000000111111011000000000000000000000011011000000000000000000000000000000000000000010000110000010110110111010011011000010011110111110110011111110001110111111001011111111010100111100110100111111100000000000011001000000000000000000000000000000000000000000000000000100000011000000000000111111100000000000000000111111100001111111100000111111111111
000000110010000000111101000000001100000011100000000001000000000000000000111000111110000000000000111001110100111110101010111110101010000000000000000001100000000010100000000000000000000001100000000000100000111111110110111111010001000000000000000001100000000000000000000010000000000000000000000000000000000000000000000000000000000010001111000000000000111011010100111001011111000000000010111111100000001100000111
111111111000111111010010000000011001000001111101111111000100000100001000000000000000000011001101000000000000000000100000000000000000000010110100000000000000111111101000000001000000000000110010000000100010111111100110111111111111000000000000000000000000000000000000000000000000000001001000000011101101000000010111000011101000111111100000000100000001000000000000000000000000000000111111000101101101000000000000
000000010100111111100000000001110001000001000001000001011111000100011111111111100000000010111101000000000000000000100000000000000000000011000000000000100000000000000000111101001111000010110011111111101110111111001110000000101011111111010000111101101011000000000000000000000000000001011111000011100000000000111111000100000001000001010101000100000001000000000000000000000000000001001011000101000001111111111010
000000100000111111100000000011110111000110110101000100110010000110110010111001101011000101000110111010011110111111000000111111000000000111001100000000000000111111100000000000000110000001111101000001011010111110001010000000100001000000000000000000000000000000000000000000000000000000001001000110001100000000000110000110110010111111100101000110010010111011101100111010001100000100011011000111110010010001000111
111111100111111111101010000001000111111101110001000011000000000000000000111110111011000000000000000000000000000000000000000000000000000000000000000001000000000000110000111011100111000010000110111111101011111111100000000000011001111111110100111100000111111111101100000000000000000000000010000000000000000001011111000000000000000011010110000000000010111111101100000000000000111111100010111111100000111111111110
111111001110111110101001000001000001000001101001000101010110000000000000111001000001000000000000111001001111111110110010111110101001000000000000000000000000111111100000000000000000000001110111111110010111111111011100111111000101000000000000000000000000000000000000000000000000000000000000000000000000000001000000000000000000000011000100000000000000111011011000111001100001000000100100111111100000001011110100
111101111111111101011110111110000011000110000010000000000000000000000000111000100000000000000000111000100011111110011101111110011101000000000000000000000000111111000001001001100001111100111110000100000000000000000100111110000001000000000001001000100001000000000000000000000000000000000000111111100000000000000000000000000000111101100000000000000000111010000010111000011111000011000000111111100000001110001100
