000000001010000001100000000010110111111111101011000001111101000000000000000000000000000000000000000010111000000010111001000000111101000000000000111101100000111111111100000000000000111100010101000000000010000001110011000000100111000101101001000100111000000101100110000001011011000010010111000000000000000001011001000000000000111001111011000000000000111111101010111111101010000001001101000000000000000000001000
000000100100000010000001000000011100111111000010000000100110111011001011000000000000111100111001000010001000000010000101000000001101111100100011000000000000000010010010111111000000111101001111111111111111000001010010000000101101000011000101000011000111000010111111000001010000000000010100111100001101000000101010111100000001111101100000111011011001000000000000000000000000111111000111111010010000000000000000
000010010001000010000111000010001111000011001001111110100010000000000000000000000000000000000000000010001011000011001001000000110000000000000000111111111111000010001011000000000000111100110100111111110111000001001011000001110110000100011010000101001010000101010100000001011111000001111111000000000000000000011111000000000000111011100100111111100000000000000000000000000000000000001010000000000000000000000110
000010001110000011000000000001111011111110100110000010010100000000000000111111100000000000000000000010101110000010111110000000110000000000000000000000000000000100010110111001101000111111100101111111111111000000110101000000110101000100011110000000011010000101101101000001110011000010011110000000000000000010000110000000000000111110101011000000000000111111100000000000000000111111000111111111111011000000001100
000010010111000011010110000110101111111111001000000001111111000000000000110011110010000000000000111110011110000011111011111111011001000000000000000000000000000110000110000000000000111001110010000001111000111111011101000100000110001000111101001010011101001001111101000011111111000101011111111111101001000100000000000000000000111011000010000000000000110111011101110101100011000001111001000000100000010000110111
111111110011000001000101111111011110111110110001111111001101111100011100000000000000111101010100000000000000000000000000000000000000111101010100000000001011000001100010111111000000111111000110111111111010111111011101111111010011000000000000000000001001000000000000000000000000111110100000111100110100111111000000111100111100000001010000111100010100000000010010000000010010111110110101111100001000000000000100
000000011000000010010100000000101011000011011011111011011011000000000000000000100000000000000000000000110101000000100000000000010101000000000000000010011001000011011110000000000000111110111010000001001010111110101000111111010110000000000000000000011110000000000000000001100000000000000000000000000000111101000000000000000000000001010111000000000000000000000000000000000000111110111011000001000000111111111110
000000110001000001101001000001100001111111100100000000011010000000000000111111011111000000000000000000010101000000000000000000000000000000000000000010010101000010110000111010110111000010111111111110010111111101110110111111100011000000000000111100101001111111100100000000000000000000000000000000000000000000000000000000000000000011010101000000000000111111100100000000000000111111001011111111100000111111111110
000010001101000000011000000000100011000011111000000000101011000000000000111000110101000000000000111001110100111110000101111110100101000000000000000001001000000011111111000000000000000010001110000000100000111111010101111111111101111111100101000000010110000000000000000010000000000000000000000000000000000000000000000000000000000011011011000000000000111011010101111001010101000001010000111111100000001010011100
111111110110111111001111000000010011000001110010111110110011000100010011000000000000000010111101000000000000000000100000000000000000000011000100000000000000111111101010000001000000000000101100000000100001111111011010000000000110000000000000000000000000000000000000000000000000000001001010000011011101000000010100000011110101111111011110000011101110000000000000000000000000000000110010000101011010000000000000
000000100100111111011001000001100110000000111100000001100000000100100000111111100000000011000000000000000000000000100000000000000000000011000000000000100000000000000000111101011010000010111100111111110011111111000101000000100110111111010111111101011010000000000000000000000000000001100000000011100000000001000000000100000000000001011000000100000000000000000000000000000000000000111110000101000000111111111111
000000100000000000000000000011101011000110101100000100010111000110101100111001110100000100010111111010010100111111000000111111001010000111001010000000000000111111100000000000000001000001110110000001110100111110001100000000111111000000000000000000000000000000000000000000000000000000000010000101110101000000000001000110101010000000010110000110001100111011101010111010010100000100000001000111100001010100101001
111111110101111111111000000001011111111101101110000011000001000000000000111110111001000000000000000000000000000000000000000000000000000000000000000000000000000001000000111011010100000001111001111111000011111111101111000000111100000000000000111011110000111111110000000000000000000000000000000000000000000001000010000000000000000010111110000000000000111111110000000000000000111111100101111111100000111111111110
111111111100111110111001111111111010000010000100000100000110000000000000111001100110000000000000111001000111111110111111111110111111000000000000000000000000000000000000000000000000000001011100111110011100111111011101000000000011000000000000000000000000000000000000000000000000000000000000000000000000000001100000000000000000000011111100000000000000111011100111111010000110000000011100111111100000001100010010
111110100000111110011111111111010110000111111001000000000000000000000000111000110011000000000000110111111110111110011111111110011111000000000000000000000000111111000000001001100011111101101000000011101011000000110101111111010100111111101011001000100101000000000000000000000000000000000000111111100000000000000000000000000000111101110101000000000000111001111110111000011101000011001101111111100000001101101101
111110100000111110011111111111010110000111111001000000000000000000000000111000110011000000000000110111111110111110011111111110011111000000000000000000000000111111000000001001100011111101101000000011101011000000110101111111010100111111101011001000100101000000000000000000000000000000000000111111100000000000000000000000000000111101110101000000000000111001111110111000011101000011001101111111100000001101101101