000000000000000001000100000010100100111111010111000010100001000000000000000000000000000000000000000010110001000010110011000000100011000000000000111101100111000000101100000000000000111100110100000000010111000001111101000000000010000110100110000100100110000110001000000001101001000010011111000000000000000001010011000000000000111001011001000000000000000000000000000000000000000000101100000000000000000000000101
000001000000000010000110000000000000111110101101000000000011111011000100000000000000111100101011000010001101000001101110000000000000111101001001000000010111000010011011111111000000111101001110111111010011000000110010000000110011000011011011000010111011000010100100000001100100000000100101111100101011000000011010111011111000111110000001111011000000000000000000000000000000111111011111111010000111000000000011
000010001011000010000010000010100100000010100100111110011111000000000000000000000000000000000000000010011000000010111001000000100000000000000000111111100000000010110111000000000000111100111111000000000001000000011101000001111111000100110001000101101000000101010100000001101011000001111110000000000000000000000010000000000000111011010001111111100000000000000000000000000000000000001010000000000000000000001001
000010010111000010100100000001100001111110110110000010100111000000000000111111011111000000000000000010110101000010010111000000001101000000000000000000000000000100010001111001011010000000000100111111101100111111110100000000100100000100100001000000111001000101110010000010000000000010101001000000000000000001111011000000000000111110101001000000000000111111100000000000000000111111010100111111100000000000001010
000001110010000010110110000101111100000001110011000010000111000000000000110100011101000000000000111101100110000100011000111111100100000000000000000000000000000100001010000000000000111011000101000001010100111101101011000011000111001000101111001001011010001010011001000100001000000110001000111111110001000101100000000000000000111010110111000000000000111000101011110110101010000010100110111111100000010010110000
111111110111000001010101111111000111111110011011111111001110111011011010000000000000111101001000000000000000000000000000000000000000111101100110000000000100000001100011111111000000111111000100111111111110111111010110111111100000000000000000000000001101000000000000000000000000111110100000111101010110111111000000111011110110000001001100111011101111000000010110000000010110111110111011111100000011000000000100
000000110110000010101000000000100111000011101100111010111001000000000000000000000000000000000000000001000000000000100000000000100000000000000000000010011001000011101010000000000000111110100000000001000100111110010000000000001100000000000000000000100000000000000000000000100000000000000000000000000000111100010001000000000000000000101110000000000000000000000000000000000000111110101110000001000000000000000011
000000110101000001101011000000011111000000001100000000001110000000000000111111100000000000000000000000011110000000000000000000000000000000000000000010001100000010100101111010100011000010100000111110100011111101111010111111100010111111101100111100101101111111100000000000010000000000000000000000000000000000000000000000000000000011110101000000000000111111100000000000000000111110110000111111100000000000000010
000010000000000001010100000000100110000100010100000001000000000000000000111000110001000000000000111001110001111110100000111110100000000000000000000000111010000011100000000000000000000010011011000000100000111110000110000000000000000000000000000000110101000000000000000000100000000000000000000000000000000000000000000000000000000010110100000000000000111011110010111001110001000000111010111111100000001010111000
000000000000111110100111000000100010000010011011111111001100000100101001000000000000000010110111000000000000000000100000000000000000000010001101000000000000111111100000000001000000000000100010000000010110000000101010111111110010000000000000000000000000000000000000000000000000000001000000000010110111000000010101000100000000111111100010000100001110000000000000000000000000000000111001000101001101000000000010
000000111001111111000000000001001011000000111000000001101110000100110001111111100000000010100011000000000000000000100000000000000000000010010100000000100000000000000000111101011001000010010010000000100000000000010100000000010010111111011011111101110010111111111111000000000000000001100000000010100011000001000000000100000110000000111111000100011111111111111111000000000000000000101110000100010101000000000000
000000000000111111011001000011100000000110001110000101001110000110001110111010010010000100001110111011010010111111000000111110111001000110100000000000000000111111100000000000001110000010101110000001011000111110000111111111111001000000000000000000000000000000000000000000000000000000010110000101100000000000001110000110100000000000000001000110001110111100011001111011010010000100000111000111001110010000011000
111111111100111111101111000000110111111110011111000011000110000000000000111110100101000000000000000000000000000000000000000000000000000000000000000000011101000000100010111011010101000010001001111111000100111111010110000000110111000000000000111100001001111111110010000000000000000000001010000000000000000001011101000000000000000011001000000000001010111111110010000000000000111111010110111111100000111111111000
111111011011111110011011000000100010000001110111000100011000000000000000111001000100000000000000111001100100111110100001111110010010000000000000000000000000000000000000000000000000000010101010111110001001111110111010111111000000000000000000000000000000000000000000000000000000000000000000000000000000000001100000000000000000000011111111000000000000111011110010111010000100000000011111111111100000001100000001
111101111000111110011011111111111010000101111101000000000000000000000000111000101011000000000000111000111011111110000010111101111011000000000000000000000000111111001000001000111010111110011001000011011101000000011101111110011101111111111111000111111010000000000000000000000000000000000000111111101000000000000000000000000000111101110111000000000000111010101010111001000100000010110100111111100000001111000001
