111111111010000001010001000010100100111111011000000010011110000000000000000000000000000000000000000010100110000010111100000000100110000000000000111101010101000000111001000000000000111100100111111111111110000001111111000000000001000110001011000100011001000101110011000001011000000010010011000000000000000001100011000000000000111001010100000000000000000000000000000000000000111111111111000000000000000000000101
000000010110000001110100000000001101111111000010000000011001111011100001000000000000111100101101000010010101000010000111000000001001111100111000000000001110000010011011111110111111111101100100000000001110000001001000000000110111000011011100000011001101000010110011000001001110000000100011111011111111000000010001111100010110111101011111111011010011000000000000000000000000111110110001111010001111000000000011
000010011010000010100101000001110001000010101010111101110011000000000000000000000000000000000000000010101000000011000100000000011010000000000000000000000111000011000001000000000000111110011010000000011001000000011010000010001010000100111111000101100101000101010001000001110011000001010101000000000000000000011000000000000000111011010101111111100000000000000000000000000000000000000111000000000000000000000101
000001100100000010111101000001010101111111000101000001010111000000000000111111111011000000000000000010010100000010101100000000100100000000000000000000000000000011111100111001101100000000000111000000001011000000110001000000111101000100110000000000010010000110010000000001101111000010000100000000000000000010000000000000000000111110111100000000000000111111100000000000000000111110100001000000000011000000001010
000010001011000011100000000110100101000001011011000011000000000000000000110011100110000000000000111101111000000100000000111111101011000000000000000000000000000100001000000000000000111001110100000000110010111110110100000010011100001001100000001010101000001001101000000011100000000110000000111111100000000100100000000000000000111001101101000000000000110110101010110100011011000001000000000000100000001100010100
111111110011000001000111111111011111111110101101111111001111111100010000000000000000111101010000000000000000000000000000000000000000111101010000000000001111000001100110111111000000111111000101111111110111111111011101111111010010000000000000000000001010000000000000000000000000111110011111111100101111111111000000111100110001000001010100111100001111000000010011000000010011111110110100111011111111000000000100
000001000011000001110001000001000101000011110001111010011101000000000000000000100000000000000000000000101010000000100000000000001010000000000000000010000000000010111000000000000000111111000111000000101111111111001001111111110010000000000000000000010101000000000000000001100000000000000000000000000000111101100000000000000000000000011101000000000000000000000000000000000000111110111100000001000000111111111111
000000110011000001111100000000111010000000100001000000000000000000000000000000000000000000000000000000100000000000000000000000000000000000000000000010001110000010011100111010101001000010101101111110111001111110011101000000000001000000000000111011101001111111100000000000000100000000000000000000000000000000000000000000000000000100000101000000000000111111100000000000000000111111101011000000000000000000000000
000001110011000000011011000000110010000011100100000000110000000000000000111000001111000000000000111010001111111110100000111111000000000000000000000001000000000100001001000000000000000001111000000000010000111111010101111111000111000000000000000000100000000000000000000010000000000000000000000000000000000000000000000000000000000001110110000000000000111010111111111000001111000000101100111111100000001001111111
000000010010111111011100000000001111000001111101111110110000000011111100000000000000000011001010000000000000000000100000000000000000000010111000000000100000111111100110000001000000000000110010000000110010111111110010000000011000000000000000000000000000000000000000000000000000000001000111000011101010000000011000000011011111111111010011000100000000000000000000000000000000000001000011000101100111111111111111
000000110011111111100011000000111101000000101110000001100000000100011011000000000000000011000000000000000000000000011110000000000000000010111101000000011110000000000000111101011000000011000011000000000110111111100111000000011000000000000000111100110110111111111010111111110111000001100001000011011010000001000000000011111001000001101101000011111011111111111010000000000000000000110111000101011010111111111110
000000100000111111101011000011100111000110001000000100011100000110011101111001110111000101000010111010011110111111000001111111001010000110111100000000000000111111100000000000000001000001101010000001010101111110001100000000100000000000000000000000000000000000000000000000000000000000000010000101111100000000000001000110101000111110110111000101111101111011101100111001110111000100000000000111011101010000110011
111111111001000000011000000000111101111110000111000010111100000000000000111111010011000000000000000000000000000000000000000000000000000000000000000000000000000000111011111011011101000001011001111111100010000000011101000000000100000000000000111011110100111111101011000000000000000000001110000000000000000000101100000000000000000011000111000000001110111111101011000000000000111111111001000000000000000000000010
111111001110111110000110000000100101000001100100000100010010000000000000111001000011000000000000111001100001111110100010111110100110000000000000000000000000000000000000000000000000000001101010111101111100111111001100111110110101000000000000000000000000000000000000000000000000000000000000000000000000000001100000000000000000000010101111000000000000111011011100111001000011000000100001111111100000001011110010
111101100000111110011111111111111011000110100001000000000000000000000000110111110010000000000000111000011011111110011000111110100000000000000000000000000000111110111100001001101001111101000100000011101001000001000001111110100001000000000101001000101010000000000000111111111100000000000000111111100000000000000000000000000000111100001001000000000000111001111011110111010111000010001010111111100000001100110001
