111111101010000001000101000010011100111111010011000010110001000000000000000000000000000000000000000001111011000010100011000001000110000000000000111101011111000001000101000000000000111101001000000000001001000001010001000000001010000110000001000101010000000110010110000001100110000010001110000000000000000001001100000000000000111001110001000000000000000000000000000000000000000001100000000000000000000000000111
000000011011000001101110111111111110111110101110000000100110111100011001000000000000111101001000000001110110000001101001000000101101111100111110111111101111000010101100000000000000111101101010111111001001000001000011000000010100000011001111000011110010000011000111000001010001000001101100111011100000000001001000111011111101111110100000111011100000000000000000000000000000111111011111111010111011000000000011
000001100001000001111011000010010010000010111001111111001011000000000000000000000000000000000000000010000100000010100110000000110011000000000000111111010001000011000111000000000000111101111000000000110000000000101110000010001111000100001110000101110110000101110000000001100110000001101110000000000000111111110100000000000000111011000111111111100000000000000000000000000000000000111011000000000000000000000111
000001011100000010101001000010001010111110101001000011001011000000000000111111101100000000000000000010100000000010111111000000110011000000000000000000000000000100110101111001101100111111101111111111101000111111101101000000110000000100110000000001011011000101110011000010011000000010111010000000000000000001110110000000000000111110101101000000000000111111100000000000000000111111010100000000001011000000001110
000010000001000011000010000111001110000001110100000011001011000000000000110101011011000000000000111100111110000100010101111111001011000000000000000000000000000101001111000000000000111001100000000001001110111111011110000011101110001000110101001010111011001001111011000100001011000101101011111111101001000100100000000000000000111010001001000000000000110111110010110101110010000001101101000000100000001011000111
111111011110000001001110111111101100111111001000111111100001111100110000000000000000111101111110000000000000000000000000000000000000111101000110000000011000000001001111000000000000111111100110111111011001111111111010111111001100000000000000000000011011000000000000000000000000000000000000111100011110000000000000111100010000000001011101111100110111000000001011000000001011111111000000111100100000000000000010
000001011001000001111011000000110100000011110110111010010000000000000000000000100000000000000000000000101001000000100000000000001001000000000000000010001110000010111101000000000000111111101000000000110100111111110010111111110000000000000000000000011101000000000000000001011101000000000000000000000000111100100011000000000000000000011101000000000000000000000000000000000000111110110010000001000000000000000000
000000101111000001111101000001001101000000011101000000000000000000000000111111100000000000000000000000010101000000000000000000000000000000000000000010010011000010101001111010010101000010101010111110011101111110001101111111100110111111110101111011111100111111100001000000010000000000000000000000000000000000000000000000000000000100100010000000000000111111100001000000000000111111010001111111100000111111111111
000001110010000000001100000001001000000011110111000000110011000000000000111000100011000000000000111010000011111110010101111110010101000000000000000001000101000100001011000000000000000010010111000000100000111111001111111111011111111111110110000000100001000000000000000010000000000000000000000000000000000000000000000000000000000010010111000000000000111011100011111001000011000000101101111111100000001010001001
111111111110111111101011000000110010000010000100111111000010000011000101000000000000000010010110000000000000000000100000000000000000000010111100111111110110111111100000000000000000000000011100000001011011000000000000000000101111000000000000000000000000000000000000000000000000111111100000000011110111111111000110000011101111111110011110000011010010000000000000000000000000000000101100000101000001000000000010
000000100001111111100100000001100011000000101110000001000100000011110010111111100000000010100101000000000000000000100000000000000000000011000000000000100000000000000000111101001010000010101001000000111001111110111111000001001100111111101011111101100000000000000000000000000000000000000000000100000101000000000000000100010011000000110010000011110111000000000000000000000000000000011000000100110111111111111101
000000101101111111101101000101000000000101111001000011100000000110011010111010011010000011100000111011011010111111000000111111000000000110011010000000000000111111100000000000000000000001101101000001100000111110010011000001001101000000000000000000000000000000000000000000000000000000000000000101011010000000000000000101100111111110011111000101011010111100011010111010111010000011000110000111000111010010111010
111111011011000000001001000000100110111101000010000010100100000000000000111111000101000000000000000000000000000000000000000000000000000000000000000000100000000001000110111011010011000001011100111110111011111111000110000000100100000000000000111100000101000000000000000000000000000000010110000000000000000001110100000000000000000011100111000000010110000000000000000000000000111111010011111111100000111111111100
111111100000111110000001000000111110000001110010000100000111000000000000111001110001000000000000111010001001111110101000111110011001000000000000000000000000000000000000000000000000000010001110111110001110111111011000111111011111000000000000000000000000000000000000000000000000000000000000000000000000000001100000000000000000000010111010000000000000111100010111111010010001111111111010111111100000001001010101
111101111000111110011000000000000011000111001011000000000000000000000000111000010000000000000000111000010011111110011101111110011000000000000000000000000000111111000000001001111000111100110100000011100100111111111011111110101000111111100000001001010000000000000000000000000000000000000000111111100000000000000000000000000000111100110100000000000000111001111000111000010000000010100100111111100000001101000111
