111111100101000000101100000010000111111111100101000010111011000000000000000000000000000000000000000010011110000010100001000000011100000000000000111101010001000000000111000000000000111100101111000000100111000001101101000000110100000110100010000011110101000101100110000001001011000010010110000000000000000001100000000000000000111001110100000000000000111111111000111111111000000000101111000000000000000000000100
000000010101000001101111000000011111111110111011000000010111111011010101000000000000111100000111000010011100000010011001000000000100111100110001000000011011000010001110111111000000111101000111000000100100000001000010000001000100000011010011000011000001000010101001000001011011000000100111111100010110000000100000111100010011111110100000111011001011000000000000000000000000111111001001111010000101000000000011
000001101001000010000111000001110100000011000101111110011111000000000000000000000000000000000000000010101100000011011011000000101111000000000000111111100000000010100011000000000000111101101010000000001001000000111010000010001100000101011110000101101011000101001010000001101011000010001001000000000000000000010011000000000000111011101001111111100000000000000000000000000000000000010010000000000000000000000100
000001011111000011001100000001001101111111011100000010100101000000000000111111100000000000000000000010101011000010100001000000011000000000000000000000000000000011110100111001010100000000000001000000101000000000101111000001110000000101010011000000101111000110001010000010000010000010101001000000000000000010010011000000000000111110111010000000000000000000000000000000000000111110101010111111100000000000001011
000010000100000011000100000110101000000001011100000011000000000000000000110100110100000000000000111101011011000011100000111111000000000000000000000000000000000100101001000000000000111001011111000001001000111110111100000010101001001001000000001010001101001001101101000011100000000110000000111111111100000100100000000000000000111010011100000000000000110111111000110101011000000001100100000000100000001011101001
000000000000000000111100111111011101111111001011111110011001111100010010000000000000111100111001000000000000000000000000000000000000111101010010000000100100000001011111111111000000111111000100111111111100111111101011111111011110000000000000000000001001000000000000000000000000111110100000111101011001111111000000111100110010000001001111111100101011000000000000000000000000111111011101111011010010000000000011
000001000111000001110010000000010111000011011101111010000111000000000000000000100000000000000000000000111001000000000000000000011001000000000000000010011110000011100111000000000000111111011010000000110100111110111101111111101110000000000000000000100000000000000000000001011100000000000000000000000000111100101010000000000000000001000011000000000000000000000000000000000000111111011000000000000000000000000010
000000101111000010000001000000110001000000010110000000000000000000000000111111100000000000000000000000010101000000000000000000000000000000000000000010000000000010011110111010010000000010010111111110110010111110010111111111110111111111100000111100010100000000000000000000000111000000000000000000000000000000000000000000000000000100000000000000000000000000000000000000000000111111100000111111100000000000000000
000010000000000000011100000000110111000011111100000000000000000000000000111000011011000000000000111001111011111110010110111110010110000000000000000001010011000100000000000000000000000010111101000000100000111111001101111111101010111111110110000000111100000000000000000010000000000000000000000000000000000000000000000000000000000010011100000000000000111011011011111000111011000000001001111111100000001010010100
000000000000111111010111000000000000000010000111111111001101000011111000000000000000000011101101000000000000000000000000000000000000000010111000111111100000111111100000000001000000000000110011111111111011111111110001000000000001000000000000000000000000000000000000000000000000000001000000000011001101000000010011000011100010111111000011000011101011000000000000000000000000000001001101000101100110000000000001
000000011111111111011001000001010111000000110011000001100110000100001111111111100000000011011100000000000000000000000000000000000000000011011000000000000000000000000000111101110010000010101110111111011100111111011000000000100111111111110001111101101011000000000000000000000000000001100000000011000101000001000000000011111100000001000000000011110101000000000000000000000000000000110100000100111110111111111110
000000100111111111010000000011100011000110100000000100111000000110010000111001111001000100011000111010111001111111000000111111000000000110100001000000000000111111100000000000001111000010001111000000110010111110010111000000010000000000000000000000000000000000000000000000000000000000010110000101111000000000001111000110001001111110101110000110010000111011111001111010011001000011111110000111100000010001101101
111111100000000000000001000001001011111110010100000010101101000000000000111111000100000000000000000000000000000000000000000000000000000000000000000000100001000000110101111011000111000001101010111111010011111111111010000001000110111111110110111100000000000000000000000000000000000000000000000000000000000001100000000000000000000011010111000000000000000000000000000000000000111111011111111111100000111111111101
111111100000111110001110000000111100000001110001000100010011000000000000111001001100000000000000111001100011111110101001111110011011000000000000000000000000000000000000000000000000000010001111111110001111111111010110111111010010000000000000000000000000000000000000000000000000000000000000000000000000000001100000000000000000000011010010000000000000111011110001111001101100000000010010111111100000001010111100
111110000000111110010100111111001000000110011111000000000000000000000000111000011011000000000000111000001010111110011111111110010100000000000000000000000000111111000000001001110111111101001101000011100101000001001001111110101000111111111010001001000011000000000000000000000000000000000000111111100000000000000000000000000000111101011101000000000000111001110101111000001001000010111011111111100000001101101010
