000000100010000001000111000010001101111110111011000001111001000000000000000000000000000000000000000010100011000010000111000000101001000000000000111100111010000000101001000000000000111101000001000000010110000001011111000000000011000110010001000101011101000110001101000010001101000001110001000000000000000001001001000000000000111001111100000000000000000000000000000000000000000001000100000000000000000000001010
000000001111000001100100000000001001111111000111000000001000111011100111000000000000111100101001000010101010000001010110000000000101111100110010111111110010000010001101111110111111111101001010000000010110000000111101000000110101000011101100000011011001000010101100000001011000000000010001111011111001000000110011111100100010111101011111111010111110000000000000000000000000111111010001111010010010000000000010
000010010010000010000010000001111011000010100001111110001001000000000000000000000000000000000000000010111010000010011001000000100001000000000000111111000001000010100010000000000000111100101011111111111110000000101110000010000011000100111010000101110111000101101001000001100001000001101111000000000000000000011010000000000000111011000101111111100000000000000000000000000000000000010101000000000000000000001001
000001101111000010101001000001110001111111001110000010010100000000000000111111100000000000000000000010011100000010110011000000100010000000000000000000000000000011100100111001010110111111101111111111011110000000101000000000101100000101000101000000100011000101101111000001111110000010101101000000000000000001111111000000000000111110101000000000000000111111100000000000000000111110010011111111110000000000001110
000010011110000011110011000110100101000010001111000011010011000000000000110001011011000000000000111111000000000101100100111111101111000000000000000000000000000101100110000000000000111000111011000010000010111101001000000011101101001100000101001101000101001100000101000101110011000111010011111111100000000110100000000000000000111000101101000000000000110100111011110010101001000001011100000000100000011110011111
111111100110000000111011111111010010111110111010111110110111111100101100000000000000111101010010000000000000000000000000000000000000111101001100000000000000000001001000111111000000111110111100111111111001111110111101111111001100000000000000000000001011000000000000000000000110111110011111111100110101111111000000111101001100000001010001111100000110000000000000000000000000111111000010111100000111000000000001
000001011101000001101110000000011001000011100001111010011010000000000000000000100000000000000000000000110001000000100000000000010001000000000000000010010001000011010010000000000000111111100101000000110110111111000011111111011111000000000000000000100000000000000000000001100000000000000000000000000000111100110010000000000000000000110001000000000000000000000000000000000000111110110100000001000001000000000010
000000101100000001111000000001010010000000011010000000000000000000000000111111100000000000000000000000001110000000000000000000000000000000000000000010010010000010010001111010011000000010011010111110010000111110001111111111100001111111111110111011111111111111100000000000010000000000000000000000000000000000000000000000000000000100010001000000000000111111100000000000000000111111000111111111100000111111111111
000010000000000001100000111111010101000101001011000001000000000000000000110110000000000000000000111001000000111110101011111110000000000000000000000001100000000100000000000000000000000100010101000000100000111101100000111111001011111111101100000001001100000000000000000010000000000000000000111111100000000000000000000000000000000011000000000000000000111000101010110111010101000000110101111111100000010110110010
111111111111111111001110000000101001000001100111111111000111000011101100000000000000000011010000000000000000000000100000000000000000000011000101000000000001111111100001000001000001000001000000000000001001111111111011000000000000000000000000000000000000000000000000000000000000000001000010000011110000000000010110000011010101111111101010000100010000000000000000000000000000000000111101000101101110000000000001
000000011011111111010110000001101101000000010001000001110011000011100110111111100000000010111111000000000000000000100000000000000000000011001011000000100000000000000000111101001001000010011110111111101010111111100111000000101111111111011001111101101100000000000000000000000000000001100000000011011111000001000000000011010011000001100101000100011001000000000000000000000000000000110001000100110110000000000001
000000101000111111110010000100011111001000000011000101011100000111111001111000001010000101011100111010000110111111000001111110010101001000011001000000000000111111001110000000000000000011010000000010000110111101000011000000000010000000000000000000000000000000000000000000000000000000000000000110101011000000000000000111111001111110011001000111011001111010111011111001000111000100110010001001010101011110001011
111111011110111111101111000001100111111110011100000010110000000000000000111111000101000000000000000000000000000000000000000000000000000000000000000000100011000000101011111011000010000001100010111110110110111111101001000000110000000000000000111011111101111111101101000000000000000000000000000000000000000001100100000000000000000011000100000000000000111111101101000000000000111111011010111111011111111111111101
111110111100111110011110111111100001000001111101000110000010000000000000110110011001000000000000111000011010111110111111111101111111000000000000000000000000111111011111000000000000000011011101111110000011111101111101111110011011000000000000000000000000000000000000000000000000000000000000111111100000000001011111000000000000000011100011000000000000111001011100110111111010000001001000111111100000011000100100
111100110100111101100011111101100000001000111011000000000000000000000000110110010101000000000000110111010101111101111111111101000010000000000000000000000000111110110000001100000111111101000110000100010001111111100010111110011011000000000001001011001010000000000000111111101111000000000000111111100000000000000000000000000000111100000101000000000000110111010101110110000101000011001110111111100000011101011100
